85 64 86 66 75 65 1 black
87 60 87 70 75 65 1 white
55 64 54 66 63 65 1 black
53 60 53 70 65 65 1 white
85 48 95 48 90 40 1 white
80 50 100 50 90 30 1 orange
45 48 55 48 50 40 1 white
40 50 60 50 50 30 1 orange
59 90 70 115 81 90 2 brown
40 50 100 50 70 115 1 orange
100 160 120 160 110 150 1 white
20 160 40 160 30 150 1 white
90 160 130 160 110 140 1 orange
10 160 50 160 30 140 1 orange
58 110 70 130 82 110 3 white
55 115 70 140 85 115 4 white
40 160 100 160 70 90 5 white
30 160 110 160 70 70 5 orange
80 130 120 130 100 100 6 white
80 130 120 130 100 150 6 orange
