85 64 75 65 86 66 black
87 60 75 65 87 70 white
55 64 63 65 54 66 black
53 60 65 65 53 70 white
85 48 90 40 95 48 white
80 50 90 30 100 50 orange
45 48 50 40 55 48 white
40 50 50 30 60 50 orange
59 90 70 115 81 90 brown
40 50 70 115 100 50 orange
100 160 110 150 120 160 white
20 160 30 150 40 160 white
90 160 110 140 130 160 orange
10 160 30 140 50 160 orange
58 110 70 130 82 110 white
55 115 70 140 85 115 white
40 160 70 90 100 160 white
30 160 70 70 110 160 orange
80 130 100 100 120 130 white
80 130 100 150 120 130 orange
